tiles {
0,0,0,0,0,0,0,0,0,0,0,0,0,0,0,0,0,0,0,0,0,0,0,0,0,0,0,0,0,0,0,0,0,0
1,1,1,1,1,1,1,1,1,1,1,1,1,1,1,1,1,1,1,1,1,1,1,1,1,1,1,1,1,1,1,1,1,0
1,2,2,2,1,2,1,2,1,2,2,2,1,2,2,2,1,2,2,2,1,2,2,2,1,2,2,2,1,2,2,2,1,0
1,2,1,1,1,2,1,2,1,2,1,2,1,2,1,2,1,1,2,1,1,2,1,1,1,2,1,2,1,2,1,1,1,0
1,2,2,2,1,2,2,2,1,2,1,2,1,2,1,2,1,1,2,1,1,2,2,1,1,2,2,2,1,2,2,2,1,0
1,1,1,2,1,2,1,2,1,2,1,2,1,2,1,2,1,1,2,1,1,2,1,1,1,2,2,1,1,1,1,2,1,0
1,2,2,2,1,2,1,2,1,2,2,2,1,2,2,2,1,1,2,1,1,2,2,2,1,2,1,2,1,2,2,2,1,0
1,1,1,1,1,1,1,1,1,1,1,1,1,1,1,1,1,1,1,1,1,1,1,1,1,1,1,1,1,1,1,1,1,0
0,0,0,0,0,0,0,0,0,0,0,0,0,0,0,0,0,0,0,0,0,0,0,0,0,0,0,0,0,0,0,0,0,0
}

collision {
(0,32),(0,256),(1056,256),(1056,32),(0,32),(0,32)
(32,224),(32,192),(96,192),(96,160),(32,160),(32,64),(128,64),(128,96),(64,96),(64,128),(128,128),(128,224),(32,224),(32,224)
(160,224),(160,64),(192,64),(192,128),(224,128),(224,64),(256,64),(256,224),(224,224),(224,160),(192,160),(192,224),(160,224),(160,224)
(288,224),(288,64),(384,64),(384,224),(288,224),(288,224)
(352,96),(352,192),(320,192),(320,96),(352,96)
(512,64),(512,224),(416,224),(416,64),(512,64)
(480,96),(480,192),(448,192),(448,96),(480,96)
(640,64),(640,96),(608,96),(608,224),(576,224),(576,96),(544,96),(544,64),(640,64)
(768,64),(768,96),(704,96),(704,128),(736,128),(736,160),(704,160),(704,192),(768,192),(768,224),(672,224),(672,64),(768,64)
(800,64),(896,64),(896,160),(864,160),(864,192),(896,192),(896,224),(864,224),(864,192),(832,192),(832,224),(800,224),(800,64)
(864,128),(864,96),(832,96),(832,128),(864,128)
(928,192),(992,192),(992,160),(928,160),(928,64),(1024,64),(1024,96),(960,96),(960,128),(1024,128),(1024,224),(928,224),(928,192)
}

spawns {
(1,768,128);(1,768,160);(1,640,128);(1,640,160);(0,544,128);(0,544,160);(0,544,192);(0,544,224)
}

waypoints {
}

guns {
(13,544,128);(13,544,160);(1,544,192);(1,544,224);(20,640,128);(20,640,160);(21,768,128);(21,768,160);(7,480,32);(7,512,32);(7,512,32);(7,544,32);(7,576,32);(11,800,224);(11,832,224);(11,864,224);(11,896,224)
}
